74.01718903	40.7032814
74.01452637	40.70307541
74.0134964	40.70236969
74.01153564	40.70273972
74.00810242	40.70314789
74.00585175	40.70347214
74.00227356	40.70292282
74.01670837	40.70482635
74.01515198	40.7048111
74.01246643	40.70436478
74.01056671	40.70452881
74.00754547	40.70470428
74.00627136	40.70458221
74.00444031	40.70513916
74.0010376	40.70383072
73.99824524	40.70434952
73.99529266	40.70499039
74.01819611	40.70595551
74.01468658	40.70635986
74.01300812	40.70645142
74.00984955	40.70595932
74.0076828	40.70595169
74.00570679	40.70635605
74.00334167	40.70627975
74.00170898	40.70702744
73.99932861	40.70669937
73.99684143	40.70616913
73.99397278	40.70622635
73.99035645	40.70664215
73.99023438	40.70677948
74.01767731	40.70809937
74.01447296	40.70821762
74.01329803	40.70785522
74.01122284	40.70813751
74.00846863	40.7077713
74.00680542	40.70766449
74.00442505	40.70743942
74.00141144	40.707901
73.99949646	40.70840836
73.99656677	40.70877075
73.99306488	40.70767593
73.99179077	40.70883179
74.01708221	40.70939636
74.01464081	40.70975876
74.01382446	40.70940018
74.0100174	40.70983124
74.00923157	40.70983124
74.00498199	40.70956039
74.00450897	40.7098999
74.00202942	40.70932388
73.99752808	40.70902634
73.99630737	40.70959854
73.99407196	40.710289
73.99172974	40.70997238
73.98978424	40.71021652
73.9871521	40.71047974
73.98451996	40.71033096
73.98217773	40.71034241
73.97927856	40.7105484
74.01732635	40.71139145
74.01545715	40.7113533
74.01405334	40.71207809
74.01006317	40.71143723
74.00750732	40.71160126
74.00604248	40.71161652
74.00321198	40.71101379
74.00054932	40.71121979
73.99840546	40.71204758
73.99616241	40.71210098
73.99423981	40.7122612
73.99219513	40.71191406
73.98799896	40.71137619
73.98770142	40.71064758
73.98513794	40.71065903
73.98133087	40.71155167
73.97898865	40.71236038
73.97793579	40.71233749
74.0171814	40.71298599
74.01461792	40.71398544
74.01177216	40.71363068
74.01110077	40.71341324
74.00906372	40.71341324
74.00676727	40.71359253
74.00363159	40.71339798
74.00016022	40.71409607
73.9983139	40.7137146
73.99703979	40.71343613
73.99285126	40.71364212
73.99133301	40.71395874
73.99006653	40.713871
73.98697662	40.71347046
73.98512268	40.71306992
73.981987	40.71343613
73.97941589	40.71375656
73.97776031	40.71339417
74.01672363	40.71546936
74.01602936	40.7150116
74.01372528	40.71495438
74.00971985	40.71506882
74.0076828	40.71524811
74.0056839	40.71517563
74.00228882	40.71522522
74.00093079	40.7154007
73.99871826	40.71487045
73.99681091	40.71491623
73.99277496	40.71518326
73.99182129	40.71505356
73.9901886	40.71457672
73.98718262	40.71485901
73.98548126	40.71439362
73.98213196	40.71457672
73.9805069	40.71416855
73.97612762	40.71516037
73.97534943	40.71476746
74.01657104	40.71637344
74.01432037	40.71664047
74.01301575	40.71682358
74.01091003	40.7166214
74.00853729	40.71667862
74.0063858	40.71680832
74.00447083	40.71665192
74.00077057	40.71712112
73.99871826	40.71706009
73.99558258	40.7169838
73.99451447	40.71685028
73.99088287	40.71723938
73.98906708	40.71681976
73.98736572	40.71619034
73.98327637	40.71722412
73.9813385	40.71680069
73.98046112	40.71683884
73.97802734	40.7165947
73.97554779	40.71718979
74.01451874	40.7179985
74.01242828	40.71828461
74.01100922	40.71880341
74.00860596	40.71887589
74.00485992	40.71888351
74.00246429	40.71861649
74.00048828	40.7185936
73.9994812	40.71856308
73.99647522	40.71910095
73.99472809	40.71852875
73.99044037	40.71874237
73.9879837	40.71891022
73.98735046	40.71837616
73.98455811	40.71890259
73.9823761	40.71855927
73.97971344	40.71813965
73.97729492	40.71906281
73.97525024	40.71902847
74.0147934	40.71955109
74.01197052	40.72037506
74.01030731	40.72042084
74.00876617	40.71994781
74.00528717	40.7202301
74.00324249	40.72046661
74.00076294	40.72045135
73.99926758	40.72013855
73.99586487	40.7206459
73.99432373	40.72035599
73.99211121	40.71969604
73.98901367	40.72039795
73.98560333	40.72057724
73.98434448	40.72051239
73.98144531	40.72089386
73.97900391	40.72014618
73.97803497	40.72067261
73.97499084	40.72017288
74.01177216	40.72174072
74.00993347	40.72164154
74.00814819	40.72237778
74.0063324	40.72212219
74.00436401	40.72193909
74.00048828	40.72206116
73.99758148	40.7224617
73.99729156	40.7219429
73.99455261	40.7217598
73.99188995	40.72200012
73.98900604	40.72216797
73.98731995	40.72214127
73.98355865	40.72192001
73.98306274	40.72245789
73.98046875	40.72200012
73.97705078	40.72229385
73.97468567	40.72209549
74.01551819	40.72451782
74.01176453	40.72314072
74.01130676	40.72356033
74.00792694	40.72356033
74.00511169	40.7235527
74.00444794	40.72344208
74.00118256	40.72425079
73.99772644	40.72404099
73.99637604	40.72384644
73.99352264	40.72437668
73.9925766	40.72387314
73.98959351	40.72314835
73.98778534	40.72406387
73.98545074	40.7237587
73.98200226	40.72397614
73.97889709	40.72414398
73.97741699	40.72343826
73.97572327	40.72409439
73.97348785	40.72397232
74.01493835	40.72553253
74.01213074	40.72533035
74.00952148	40.7259903
74.00856018	40.725914
74.00601959	40.72565079
74.00318909	40.72570419
74.00099182	40.7258606
73.99772644	40.72567749
73.99691772	40.72524643
73.99502563	40.7254715
73.99202728	40.72569275
73.98960114	40.72589874
73.98680878	40.72571564
73.98381805	40.7257309
73.98113251	40.72519684
73.98065948	40.7256546
73.97763062	40.72565842
73.97554016	40.72504807
73.97227478	40.72612762
74.01461029	40.72686768
74.01187897	40.72792816
74.01098633	40.72777176
74.00736237	40.72738647
74.00552368	40.72739029
74.00286865	40.72731018
74.0006485	40.72742844
73.99835205	40.72783279
73.99651337	40.72694016
73.99315643	40.72761154
73.99149323	40.72729111
73.98848724	40.72740555
73.98551178	40.72707748
73.9853363	40.72750854
73.98209381	40.72776413
73.9794693	40.72742844
73.97662354	40.72721863
73.97589111	40.72812653
73.97301483	40.72652435
73.97026062	40.72821045
74.01181793	40.7289505
74.01119995	40.72902298
74.00888824	40.72894669
74.00521088	40.72896576
74.00354004	40.72918701
74.001091	40.72929001
73.99777985	40.72925568
73.9960556	40.72938156
73.99362183	40.72930908
73.99223328	40.72917557
73.98995209	40.72938538
73.9872818	40.7292366
73.98426819	40.72912598
73.98169708	40.72919846
73.97840881	40.7295723
73.97808075	40.72933578
73.97499847	40.72952271
73.97153473	40.72906113
73.96840668	40.72965622
74.01429749	40.73138046
74.01255798	40.73169708
74.01024628	40.73113251
74.00708008	40.7308197
74.00670624	40.7307663
74.00435638	40.73078918
74.00151825	40.73084641
73.99978638	40.73037338
73.99682617	40.73134232
73.99303436	40.73085785
73.99224854	40.73075104
73.98866272	40.73116302
73.98595428	40.73091125
73.98319244	40.73062134
73.98267365	40.73114395
73.97904205	40.7311058
73.97793579	40.73034668
73.97421265	40.73128891
73.97318268	40.73054886
74.01206207	40.73345566
74.00962067	40.73249054
74.00772858	40.73279953
74.00636292	40.73310089
74.00223541	40.73296738
74.00029755	40.73269653
73.99863434	40.733181
73.99620819	40.73275757
73.99373627	40.73273087
73.99123383	40.7329216
73.99016571	40.73228073
73.98758698	40.73279572
73.98510742	40.73225403
73.98162842	40.73263931
73.98062897	40.73226929
73.97744751	40.73263168
73.9752121	40.73302841
73.97337341	40.73197174
73.97013092	40.73351288
73.96678925	40.73197174
74.00948334	40.73456573
74.00846863	40.73448944
74.00621796	40.73441696
74.00248718	40.73411179
74.00009155	40.73472214
73.99911499	40.73432922
73.99578857	40.7342453
73.99293518	40.73478699
73.99073792	40.7347908
73.98966217	40.73438644
73.98634338	40.73456573
73.98322296	40.73455811
73.98171997	40.73427963
73.98043823	40.73440933
73.97783661	40.73405838
73.97563934	40.73450089
73.9730835	40.73422241
73.97021484	40.73497009
73.9669342	40.73469162
73.96469879	40.73426819
74.0125351	40.73600388
74.00958252	40.73600006
74.00827789	40.73621368
74.00675201	40.73579025
74.0026474	40.73627472
74.00151062	40.73615265
73.99803925	40.7361412
73.99720001	40.73659134
73.99318695	40.73622131
73.99167633	40.73629761
73.98892975	40.73656845
73.98725891	40.73609924
73.98484039	40.73638535
73.9814682	40.73645782
73.9794693	40.73641968
73.9775238	40.73651123
73.97447205	40.73661804
73.97286224	40.7367363
73.96903229	40.7364006
73.96665955	40.73676682
73.96572876	40.73658371
74.0093689	40.73811722
74.00870514	40.73812103
74.00558472	40.73790741
74.00418854	40.73813248
74.00016022	40.73794174
73.99967194	40.7383194
73.99706268	40.73757172
73.9927597	40.7376976
73.99240875	40.73783112
73.98881531	40.73803329
73.98552704	40.73862839
73.98506165	40.7378273
73.9808197	40.73797989
73.97969818	40.73832703
73.97769165	40.73810959
73.97540283	40.73720551
73.97341919	40.73828888
73.96942139	40.73864365
73.96814728	40.73757935
74.01225281	40.73889542
74.00959015	40.73944092
74.00803375	40.73970032
74.00588226	40.74009323
74.0022583	40.73965836
74.00087738	40.7399826
73.99858093	40.73999023
73.99537659	40.73967743
73.9948349	40.74004364
73.99100494	40.73980713
73.99017334	40.73934174
73.98621368	40.73995209
73.9846344	40.73963928
73.98209381	40.73994446
73.97935486	40.74000168
73.97628784	40.73965836
73.9757843	40.74031067
73.97249603	40.74039078
73.9706192	40.73949051
73.96739197	40.74055862
73.96510315	40.74016571
73.96337891	40.73995972
74.01248169	40.74157333
74.01003265	40.74209595
74.00747681	40.74098587
74.00499725	40.74142075
74.00455475	40.74186325
74.00109863	40.74152756
73.99796295	40.74132919
73.99702454	40.74193192
73.99365997	40.74155045
73.99033356	40.74191666
73.98971558	40.74135971
73.9855957	40.7415657
73.98353577	40.74217606
73.98122406	40.74174118
73.97889709	40.74126816
73.97797394	40.74188232
73.97496033	40.74180603
73.97299194	40.74137115
73.97064972	40.7410202
73.96797943	40.74155045
73.96567535	40.74211502
73.96304321	40.74196243
74.01129913	40.74245834
74.00744629	40.74312973
74.00632477	40.74391556
74.00415039	40.74283981
74.00015259	40.74290848
73.99967194	40.74367142
73.99630737	40.74335098
73.99282074	40.74301529
73.99259949	40.74321365
73.9882431	40.74357986
73.98622131	40.74359131
73.98377991	40.74349976
73.98191833	40.74336624
73.98001862	40.74320221
73.97687531	40.74345779
73.97383118	40.74349594
73.97142792	40.74412918
73.97109222	40.74383163
73.96828461	40.74395752
73.96598816	40.74270248
73.96355438	40.74298096
73.9595871	40.74352646
74.00937653	40.74547958
74.00789642	40.74526215
74.00597382	40.74510574
74.00251007	40.74483871
74.00189209	40.74551392
73.99868774	40.745121
73.99514008	40.74472427
73.99491119	40.74516296
73.9910965	40.74507904
73.98880768	40.74523544
73.98747253	40.74466705
73.98513031	40.74475861
73.98278809	40.74485779
73.97885895	40.74520874
73.97691345	40.74535751
73.97592163	40.74466705
73.97247314	40.745121
73.97065735	40.74553299
73.96666718	40.74538803
73.96625519	40.74584198
73.95979309	40.74517059
73.95917511	40.74428177
74.01030731	40.74722672
74.00776672	40.74689865
74.00508881	40.74656296
74.00350952	40.74753571
74.00163269	40.74662781
73.99758148	40.74649048
73.99725342	40.74697113
73.99472809	40.74609756
73.99237061	40.7461319
73.99008942	40.74676895
73.98600006	40.74703979
73.98538208	40.74646759
73.98119354	40.74692154
73.9799118	40.74653244
73.97733307	40.74685669
73.97375488	40.74726486
73.97274017	40.74615479
73.97110748	40.7471199
73.96871948	40.74743271
73.96573639	40.74689102
73.96310425	40.74641037
73.96105957	40.74687958
74.0100708	40.74805832
74.00811768	40.74868393
74.00601196	40.74849319
74.00389862	40.74843216
74.0001297	40.74822998
73.99965668	40.74893188
73.99601746	40.74887466
73.99469757	40.7478714
73.99200439	40.7490654
73.98882294	40.7485466
73.98570251	40.74887848
73.9848175	40.74833298
73.98249054	40.74849319
73.9805603	40.74826813
73.97808075	40.74830627
73.97530365	40.74881363
73.97296143	40.74871445
73.97007751	40.74902344
73.96852875	40.74804306
73.96555328	40.74783325
73.96315002	40.74789047
73.96149445	40.74830627
73.95709991	40.74825668
73.95664215	40.74920273
74.00958252	40.75061035
74.00807953	40.7502327
74.00543976	40.75087357
74.00245667	40.75012589
74.00210571	40.75067139
73.9981842	40.75058746
73.99510193	40.74979782
73.99458313	40.75053024
73.99192047	40.74995804
73.98974609	40.74992371
73.98742676	40.75034332
73.9833374	40.75026321
73.98251343	40.75015259
73.97895813	40.75061035
73.97810364	40.74982834
73.97395325	40.75074005
73.97263336	40.75014114
73.96924591	40.75072861
73.96813965	40.75093079
73.96593475	40.75070953
73.96300507	40.75044632
73.96031189	40.75011063
73.95764923	40.75087357
74.01034546	40.7513504
74.00744629	40.75161743
74.00672913	40.75133133
74.00387573	40.75240326
74.00115204	40.75195694
73.9974823	40.75139999
73.99674225	40.75267029
73.99353027	40.75205994
73.99034119	40.7516098
73.98833466	40.75250626
73.9858551	40.75225449
73.98401642	40.75252151
73.98226166	40.75198364
73.9783783	40.75245667
73.97779083	40.75192261
73.97592163	40.75130081
73.9731369	40.75233841
73.97104645	40.75161362
73.9675293	40.75250244
73.96563721	40.75282669
73.96372223	40.75283432
73.9593277	40.75230789
73.95910645	40.75158691
73.95590973	40.7514267
74.0069809	40.75360107
74.00691223	40.75400925
74.00373077	40.75331116
74.0001297	40.75372314
73.99919128	40.75423813
73.9966507	40.75345993
73.99295807	40.75392151
73.99259186	40.7537384
73.98833466	40.75395966
73.98728943	40.75368881
73.98468018	40.75408173
73.98101044	40.75376129
73.9783783	40.75428391
73.97776031	40.75388718
73.97554779	40.75320816
73.97187805	40.7541275
73.96929932	40.75400543
73.9677887	40.75372696
73.96593475	40.75416183
73.96339417	40.75460815
73.961586	40.75361633
73.95687866	40.75421524
73.95623016	40.75428391
74.00807953	40.75535202
74.00528717	40.75619888
74.00221252	40.75592041
74.00197601	40.75597382
73.9979248	40.75621414
73.99633789	40.75589371
73.99433899	40.75582123
73.99170685	40.7558403
73.99015045	40.75601959
73.98715973	40.7557106
73.98370361	40.75568008
73.98254395	40.7557106
73.97917175	40.75574875
73.97766876	40.7553215
73.97522736	40.7556572
73.97210693	40.75602722
73.97068024	40.75577927
73.96743011	40.75600433
73.96475983	40.75577927
73.96174622	40.75597382
73.96129608	40.75637054
73.95822144	40.75611496
73.9546051	40.75642395
73.95336914	40.75627899
74.00732422	40.75708771
74.00462341	40.75680923
74.00415039	40.75676727
74.00075531	40.75760269
73.99754333	40.7565918
73.99681854	40.75746536
73.9932251	40.75736618
73.99073792	40.7575264
73.98885345	40.75762558
73.98560333	40.75757599
73.98439026	40.75761795
73.98213959	40.75753021
73.97883606	40.7575798
73.97795868	40.75733948
73.97442627	40.75754166
73.97141266	40.75769806
73.96914673	40.75772858
73.9669342	40.75741196
73.96459198	40.75809097
73.96343231	40.75756836
73.96098328	40.7573967
73.95767975	40.75820923
73.95681	40.75802994
73.95326233	40.75804138
74.00665283	40.75905991
74.00376129	40.7591629
74.00032806	40.7585907
73.99976349	40.75908279
73.99578094	40.75946045
73.99419403	40.75899124
73.99227905	40.75912094
73.98806	40.75905609
73.98748016	40.75883102
73.98422241	40.75954437
73.98094177	40.75932312
73.97913361	40.75955582
73.97613525	40.75934601
73.97467804	40.75941467
73.97240448	40.75932693
73.96921539	40.75962448
73.96872711	40.75854111
73.9654541	40.75924683
73.96226501	40.75922394
73.96121979	40.75856018
73.95861053	40.75991821
73.95603943	40.75942612
73.95259857	40.7586441
73.9517746	40.7594223
74.00276184	40.76053238
73.99994659	40.76153946
73.99909973	40.76096725
73.99671173	40.76029205
73.99463654	40.76089096
73.99056244	40.76089096
73.98994446	40.76067734
73.98667145	40.76115036
73.98339844	40.7610817
73.98187256	40.76130295
73.97950745	40.76124954
73.97611237	40.76120377
73.97512054	40.76111603
73.97207642	40.76105881
73.97063446	40.76067352
73.96659088	40.76142883
73.96406555	40.76132202
73.96369171	40.7612381
73.96081543	40.7611084
73.95835114	40.76074982
73.95628357	40.76108932
73.95438385	40.76047134
73.95165253	40.76025009
74.00357056	40.76222992
74.00038147	40.76248169
73.99903107	40.76277924
73.99723053	40.76250076
73.99294281	40.76273727
73.99256897	40.76268005
73.98961639	40.76270676
73.98662567	40.7624321
73.98438263	40.76279831
73.98116302	40.76308823
73.97884369	40.76258087
73.977005	40.76334
73.97400665	40.76296997
73.97223663	40.76284027
73.96960449	40.76298523
73.967659	40.76288986
73.96552277	40.76285934
73.96361542	40.76200867
73.9598465	40.76273727
73.95722198	40.76334381
73.95643616	40.76315689
73.95430756	40.76330566
73.9499054	40.76210022
73.949646	40.76229858
74.00012207	40.76391602
73.99880981	40.76410675
73.99583435	40.76444244
73.99501801	40.76374435
73.99230957	40.76425171
73.98847961	40.76432419
73.98681641	40.76495361
73.98425293	40.76467133
73.98114777	40.76472855
73.97957611	40.76489639
73.97663116	40.76467896
73.97395325	40.76470184
73.97309875	40.76427078
73.96995544	40.7647171
73.96860504	40.7641449
73.96607971	40.76390076
73.9624176	40.76475906
73.96127319	40.76475525
73.9587326	40.76420975
73.95591736	40.76412582
73.95433807	40.7638588
73.95180511	40.7652359
73.94958496	40.76496887
74.00040436	40.76626968
73.99793243	40.76592636
73.99642944	40.76667786
73.99436951	40.76636887
73.99098969	40.76605606
73.98791504	40.76709366
73.98729706	40.76615906
73.98350525	40.76625824
73.98178864	40.76660156
73.9793396	40.76644897
73.97682953	40.76596451
73.97569275	40.76543427
73.97222137	40.76566696
73.96940613	40.7663269
73.96759033	40.76626968
73.96588135	40.76550293
73.9629364	40.76648712
73.96043396	40.76638412
73.95684814	40.76635361
73.95529938	40.76589966
73.95433044	40.76604843
73.95192719	40.76605988
73.99771118	40.76787186
73.9956131	40.76787949
73.99292755	40.76813126
73.99263	40.76755142
73.98930359	40.76809311
73.98658752	40.76808548
73.98474884	40.76831055
73.98152924	40.76844025
73.9798584	40.76794052
73.97745514	40.76782227
73.97573853	40.76823044
73.97144318	40.76864243
73.97071075	40.76749039
73.96748352	40.76843262
73.96620941	40.76747894
73.96295929	40.76755142
73.95999908	40.76867294
73.95907593	40.7677269
73.95566559	40.76826096
73.95298004	40.76810074
73.94998169	40.76863861
73.94956207	40.76848984
73.94696808	40.76792145
73.99815369	40.77037811
73.99584961	40.76934052
73.99445343	40.76966476
73.99066162	40.77017975
73.98825073	40.76959991
73.9871521	40.770298
73.98457336	40.76966095
73.98252869	40.76917648
73.98040771	40.7702446
73.97814941	40.769104
73.97516632	40.76916122
73.97331238	40.76923752
73.96985626	40.76899719
73.96678162	40.77005005
73.96457672	40.76998901
73.96217346	40.77017593
73.96056366	40.76992798
73.95732117	40.77022171
73.95462799	40.76974106
73.95439148	40.76985168
73.95194244	40.76924896
73.94841003	40.770401
73.94602966	40.77066803
73.99562073	40.77153015
73.99391937	40.77139664
73.99069214	40.77151108
73.99001312	40.77148819
73.98731995	40.77120972
73.98338318	40.77120972
73.98262787	40.77152252
73.97911835	40.77173996
73.97830963	40.77175522
73.97542572	40.7713356
73.97119141	40.77161026
73.96920776	40.77190018
73.96738434	40.77196503
73.96568298	40.77149582
73.96324158	40.77174759
73.95941925	40.77176666
73.95892334	40.77186966
73.95655823	40.77135849
73.95245361	40.77209854
73.95001984	40.77188873
73.94864655	40.7713356
73.9465332	40.77233887
73.99662018	40.77349091
73.99302673	40.77277756
73.99069977	40.77407074
73.98937988	40.77344131
73.98579407	40.77298355
73.98430634	40.77384567
73.98231506	40.77333069
73.97969055	40.772686
73.9776535	40.77371597
73.97505951	40.77390289
73.97215271	40.77381134
73.96882629	40.77300262
73.96697998	40.77275848
73.96542358	40.77270126
73.96175385	40.77379608
73.9599762	40.77361298
73.95863342	40.77249527
73.95493317	40.77356339
73.95316315	40.77257156
73.95184326	40.77344131
73.9491806	40.77332306
73.94572449	40.77360535
73.94483185	40.7732811
73.99594116	40.77450562
73.99443817	40.77505112
73.99112701	40.77499008
73.98854065	40.77490997
73.98677826	40.77576828
73.98409271	40.77521133
73.98186493	40.77513885
73.97962189	40.7756691
73.97660828	40.7753334
73.97547913	40.77598572
73.97231293	40.77492142
73.97066498	40.77445602
73.96855164	40.77457047
73.96524811	40.77501678
73.96311951	40.77507401
73.96051788	40.7754631
73.95851135	40.77481842
73.95562744	40.77594376
73.95410156	40.77474976
73.95133972	40.7742691
73.94757843	40.77521896
73.94567108	40.77544022
73.9440155	40.77589798
73.942276	40.77600479
73.99266052	40.77730179
73.99087524	40.77653885
73.98939514	40.77682877
73.98566437	40.77703476
73.98513031	40.77614594
73.98242188	40.77698135
73.97846985	40.77722168
73.97703552	40.77679062
73.97549438	40.77701569
73.97132874	40.77768707
73.9701004	40.77610016
73.96792603	40.77631378
73.96417999	40.77651215
73.96178436	40.77687454
73.9593811	40.7771225
73.9576416	40.77705383
73.95601654	40.77632523
73.9524765	40.77706146
73.95134735	40.77679825
73.9492569	40.77679062
73.94694519	40.77619171
73.94384003	40.77666092
73.94247437	40.77726746
73.99368286	40.77782059
73.9917984	40.77836227
73.98841858	40.77858353
73.98643494	40.77885437
73.98513031	40.77885056
73.98196411	40.77861786
73.9799881	40.77793121
73.97776031	40.77885818
73.97422028	40.77879715
73.97354126	40.77944183
73.96994781	40.77946854
73.96782684	40.77864838
73.96550751	40.77811813
73.96207428	40.77910233
73.9599762	40.77906036
73.9585495	40.77851868
73.95520782	40.77929688
73.95383453	40.77892685
73.95038605	40.77935028
73.94802856	40.77881241
73.94520569	40.77867508
73.94483185	40.77909088
73.9409256	40.77933121
73.9879303	40.77954865
73.98775482	40.7796669
73.98407745	40.78038788
73.98127747	40.78069687
73.9804306	40.7804184
73.97712708	40.78036499
73.97491455	40.78003311
73.97284698	40.78063965
73.9705658	40.7796936
73.96730804	40.78031158
73.96472931	40.77960205
73.96186829	40.77974701
73.96113586	40.7800827
73.9585495	40.78002548
73.95586395	40.77976608
73.95253754	40.78068924
73.95066833	40.77961731
73.94873047	40.7808609
73.94664764	40.78061676
73.94434357	40.78036118
73.99056244	40.78175735
73.9866333	40.78175735
73.98318481	40.78188324
73.98085785	40.78240967
73.97880554	40.78253937
73.97717285	40.78256989
73.97573853	40.78200531
73.97201538	40.78218842
73.97101593	40.78293991
73.96746826	40.78180695
73.96495819	40.78291321
73.96324158	40.7819252
73.96009827	40.7820015
73.95779419	40.78235626
73.95633698	40.78133774
73.95407867	40.78142166
73.95117188	40.78261185
73.94866943	40.78227615
73.94534302	40.78250122
73.94392395	40.7828331
73.9401474	40.78165054
73.93945313	40.7827034
73.98851013	40.7835083
73.98568726	40.78322983
73.98368835	40.78377151
73.98088837	40.7841835
73.97959137	40.78416824
73.97794342	40.78382874
73.97397614	40.78389359
73.97193909	40.78458023
73.97039032	40.78404236
73.96672058	40.78427887
73.96509552	40.78370285
73.96381378	40.78320694
73.95937347	40.78308868
73.95883942	40.7834816
73.95635223	40.78386688
73.95227051	40.78429031
73.94979858	40.7843399
73.9478302	40.78425598
73.94713593	40.78345108
73.94442749	40.78382874
73.94200134	40.78458023
73.93995667	40.78461075
73.93721771	40.7840004
73.98551941	40.78543854
73.98381042	40.78553772
73.98226929	40.78536606
73.97999573	40.7855072
73.97602081	40.78606415
73.97556305	40.78536606
73.97319794	40.78530884
73.96988678	40.78539276
73.96856689	40.78638458
73.9647522	40.78649139
73.96282959	40.78654861
73.96003723	40.78554535
73.9573822	40.78568649
73.95518494	40.78578949
73.95300293	40.78604126
73.9508667	40.78600693
73.94874573	40.78596115
73.94654083	40.78497696
73.94284821	40.7859726
73.9424057	40.78633118
73.93985748	40.78623581
73.98751068	40.7870903
73.98335266	40.78701019
73.98074341	40.78741074
73.97892761	40.7874794
73.9770813	40.7877388
73.97561646	40.78691864
73.97245789	40.78685379
73.97102356	40.78782272
73.96772003	40.78770828
73.96577454	40.78815079
73.96376038	40.78734589
73.96071625	40.78800964
73.95693207	40.78682709
73.95626068	40.78714371
73.95407867	40.78733826
73.94982147	40.78744507
73.9486618	40.78747177
73.94528198	40.78695679
73.94438934	40.78784943
73.94200134	40.78699875
73.93851471	40.78807831
73.93772125	40.78823853
73.98097229	40.78896332
73.97897339	40.78963852
73.97707367	40.78950882
73.97528076	40.78952026
73.97349548	40.78962326
73.97016144	40.78938293
73.96718597	40.78875732
73.96617889	40.78971863
73.96199036	40.78876495
73.95932007	40.79004288
73.95781708	40.78972626
73.95484924	40.78911209
73.9533844	40.78844833
73.95132446	40.78848648
73.94825745	40.78952026
73.94673157	40.78883743
73.94384003	40.78891754
73.94129181	40.78845978
73.94006348	40.78944397
73.9373703	40.78952026
73.98352051	40.79085159
73.98130798	40.79082108
73.97908783	40.79109955
73.97628784	40.79092026
73.97405243	40.79125977
73.97268677	40.79103851
73.96884918	40.79090881
73.96875763	40.7910881
73.96580505	40.79036713
73.96336365	40.79143143
73.96018982	40.79047012
73.95700836	40.79079056
73.95500946	40.79047775
73.95374298	40.79069901
73.95149231	40.79108429
73.94750977	40.79070663
73.94512939	40.79177094
73.94309998	40.79089737
73.94168854	40.79157639
73.93911743	40.79108047
73.93721008	40.79182053
73.93532562	40.79169846
73.98072052	40.79198074
73.9801178	40.7925148
73.97679901	40.79280853
73.97541809	40.79214859
73.97337341	40.79241943
73.97114563	40.79286575
73.9675827	40.79302216
73.96472168	40.79265213
73.96366882	40.79312897
73.96012115	40.7926712
73.95875549	40.79365158
73.95531464	40.79268265
73.95264435	40.79224014
73.95076752	40.79329681
73.94863129	40.79327011
73.94572449	40.79305649
73.94425201	40.792202
73.94063568	40.79309464
73.93855286	40.79231262
73.93727112	40.79330444
73.93443298	40.79253006
73.93244171	40.79354095
73.97833252	40.7944603
73.97633362	40.79455948
73.97397614	40.79439163
73.97154999	40.7947197
73.97024536	40.79441071
73.96703339	40.7937088
73.96629333	40.79462814
73.96256256	40.79473877
73.96040344	40.79385376
73.95550537	40.79374313
73.95252991	40.7946701
73.9512558	40.79401779
73.94927216	40.7937851
73.94525146	40.79508591
73.94392395	40.79525375
73.94133759	40.79511261
73.93917847	40.79517365
73.9359436	40.79513168
73.93344879	40.79510117
73.93229675	40.79495239
73.93006897	40.79520416
73.97960663	40.796772
73.97660065	40.79575729
73.97472382	40.79582214
73.97259521	40.79624939
73.97083282	40.79616165
73.96849823	40.79649353
73.96482086	40.79671097
73.96189117	40.79635239
73.96127319	40.79649734
73.95646667	40.79647446
73.94994354	40.79598236
73.94946289	40.79614258
73.94633484	40.7964592
73.94309998	40.7966423
73.94143677	40.79630661
73.93813324	40.79665375
73.93619537	40.79553604
73.93521881	40.79589844
73.93199158	40.79677963
73.92980194	40.79700089
73.9761734	40.79782867
73.97405243	40.79764938
73.97132111	40.79790497
73.96897125	40.79841232
73.96798706	40.79811859
73.96405792	40.79801178
73.96340942	40.79845428
73.95963287	40.79850006
73.95874786	40.79868698
73.95281982	40.79841614
73.95006561	40.79888916
73.94871521	40.79769135
73.9466629	40.79735565
73.94419098	40.79772568
73.94179535	40.79841232
73.9393692	40.7985611
73.9367981	40.79850006
73.93435669	40.79753113
73.93161011	40.79771042
73.92974854	40.79863358
73.97953033	40.79936218
73.97655487	40.79916763
73.97546387	40.79909134
73.97210693	40.79974747
73.96973419	40.80002213
73.96856689	40.79905701
73.96617126	40.79984283
73.96240234	40.8000412
73.95954132	40.80041122
73.95905304	40.79919052
73.95448303	40.80024719
73.95241547	40.80052948
73.95124054	40.80012131
73.94745636	40.80014801
73.94676971	40.80019379
73.94359589	40.79957199
73.94123077	40.79927063
73.93818665	40.80039978
73.93628693	40.7990303
73.93501282	40.80074692
73.93261719	40.79988861
73.93000793	40.79902267
73.9750061	40.80085373
73.97118378	40.80088043
73.96881104	40.80161285
73.96793365	40.80166626
73.96488953	40.80176163
73.96258545	40.80192566
73.96095276	40.80185318
73.95821381	40.80078506
73.95620728	40.80082703
73.95394897	40.80130005
73.94978333	40.8020668
73.94897461	40.80170822
73.94541931	40.80210876
73.94407654	40.80114746
73.94190216	40.80089569
73.93907166	40.80215073
73.93707275	40.80199814
73.93479919	40.80089569
73.93199158	40.80109024
73.93036652	40.80111313
73.9728241	40.80341721
73.96930695	40.80334091
73.96737671	40.80353165
73.96572113	40.80302048
73.96298218	40.80399323
73.96035004	40.80387115
73.95814514	40.80332184
73.95635986	40.80318832
73.95214081	40.80371857
73.9514389	40.8027153
73.9489975	40.80308914
73.94593811	40.80298996
73.94465637	40.80319214
73.94075775	40.80324554
73.93930817	40.80260849
73.93647003	40.80407333
73.93379974	40.80295181
73.9322052	40.80310822
73.93014526	40.80261612
73.97119141	40.80490875
73.97088623	40.80532837
73.96652985	40.80477524
73.96616364	40.80497742
73.96284485	40.80437088
73.95948792	40.80602646
73.95741272	40.80448914
73.95545959	40.80449677
73.95304871	40.80598068
73.9513855	40.80491638
73.94799805	40.80453491
73.94676208	40.80580139
73.94260406	40.80600357
73.94059753	40.8056221
73.93916321	40.80469894
73.93732452	40.80429459
73.93457794	40.80548096
73.93242645	40.80456161
73.92880249	40.80479431
73.9269104	40.80574417
73.96949768	40.80753708
73.9670639	40.80725479
73.96437836	40.80717468
73.96382141	40.80776978
73.96123505	40.80629349
73.9588623	40.80670929
73.95571136	40.80668259
73.95388031	40.80633163
73.95041656	40.80653
73.94950104	40.80610275
73.94514465	40.80769348
73.94373322	40.80704117
73.9418869	40.80694962
73.93956757	40.80726242
73.93649292	40.80652237
73.9345932	40.80612946
73.93235779	40.80760956
73.92919159	40.807621
73.92740631	40.80701065
73.96674347	40.80799866
73.96477509	40.80836868
73.96340179	40.80895233
73.95986938	40.8086853
73.95870972	40.80916595
73.9557724	40.80883026
73.95205688	40.80893326
73.95185852	40.80912018
73.9482193	40.80921936
73.94543457	40.80799103
73.94413757	40.80943298
73.94041443	40.80903625
73.93901825	40.80794525
73.93564606	40.80941772
73.93515778	40.80840683
73.93087769	40.80897522
73.92979431	40.8078537
73.92662811	40.80833054
73.9667511	40.81112289
73.96434784	40.81058121
73.96235657	40.81050491
73.96082306	40.81008911
73.95874786	40.80979919
73.9553299	40.8097496
73.95278168	40.81077194
73.95110321	40.81045151
73.94785309	40.80976868
73.94712067	40.81018066
73.94386292	40.80992889
73.94165039	40.81020737
73.93894196	40.81099319
73.93731689	40.81013107
73.93515778	40.81076813
73.93106079	40.81117249
73.93006897	40.81098557
73.92751312	40.81095886
73.92575073	40.81029129
73.96662903	40.81178284
73.96411133	40.81137085
73.96233368	40.81214142
73.96123505	40.81167603
73.95706177	40.81241989
73.95597839	40.81301117
73.95324707	40.8125
73.95137787	40.8119812
73.94952393	40.81229401
73.94525909	40.81289291
73.94267273	40.81241989
73.94174194	40.81275177
73.93785095	40.81259537
73.93651581	40.8123703
73.93505859	40.8116684
73.93087006	40.81195831
73.92986298	40.81201935
73.92582703	40.81283188
73.9257431	40.81288147
73.96569824	40.81319046
73.96216583	40.8139801
73.96021271	40.81341934
73.95861053	40.81480789
73.9561615	40.81354904
73.95353699	40.81354141
73.95098877	40.81428146
73.94864655	40.81380081
73.94499969	40.81416702
73.94458771	40.81391525
73.9412384	40.81378555
73.93965149	40.81367111
73.93595886	40.81481934
73.93519592	40.81362534
73.93112183	40.81326675
73.93013	40.81328964
73.92672729	40.81328964
73.92537689	40.81367111
73.96400452	40.81569672
73.96290588	40.81499481
73.96031189	40.81572342
73.95871735	40.81533813
73.95482635	40.81552887
73.95407867	40.81627655
73.95025635	40.81514359
73.94747925	40.81579971
73.94650269	40.81649017
73.94379425	40.81499481
73.94108582	40.8157692
73.93897247	40.81654739
73.93653107	40.81570053
73.93521118	40.8160553
73.93094635	40.81614304
73.92832184	40.8161087
73.92675781	40.81614304
73.92501831	40.81568146
73.96823883	40.81700897
73.96278381	40.81713867
73.96073151	40.81766891
73.95709229	40.81755829
73.95677185	40.81764603
73.95275116	40.81808472
73.95079041	40.81842041
73.94801331	40.81684875
73.94566345	40.81793594
73.94342041	40.81774521
73.9414978	40.81818008
73.93807983	40.81793594
73.93630981	40.81734085
73.93463135	40.8168602
73.93106842	40.81729507
73.92829895	40.81668091
73.92735291	40.81826019
73.92536163	40.81731033
73.9625473	40.81917572
73.9608078	40.81848145
73.9575882	40.81949234
73.95558929	40.81972122
73.95311737	40.8193512
73.95166779	40.81965256
73.94737244	40.81846237
73.94571686	40.82000732
73.94456482	40.81892395
73.94080353	40.81954956
73.9393158	40.8184967
73.93708038	40.81949234
73.93370056	40.81953812
73.93104553	40.81948853
73.9292984	40.81915665
73.92677307	40.8199234
73.9234314	40.81985474
73.92333221	40.81991959
73.96194458	40.82058716
73.95973206	40.82024002
73.9577713	40.82102966
73.95505524	40.82051849
73.95426941	40.82133102
73.95104218	40.82064056
73.94827271	40.82180786
73.94612122	40.82115936
73.94368744	40.82034683
73.94071198	40.82138824
73.93900299	40.82181549
73.93648529	40.82032776
73.93531799	40.82165909
73.93083191	40.82152557
73.92971802	40.82044601
73.92730713	40.82094574
73.9254303	40.8214035
73.9577713	40.82287979
73.95555878	40.82305527
73.95330811	40.82286835
73.95008087	40.82302475
73.94906616	40.82315063
73.94599152	40.82322311
73.94319916	40.82333755
73.94137573	40.82358932
73.93798065	40.82328033
73.93765259	40.82295609
73.93460083	40.82332611
73.93100739	40.82275009
73.92906189	40.82212067
73.92705536	40.82229614
73.92440033	40.82318497
73.92295074	40.82373047
73.95498657	40.82409668
73.95253754	40.82383347
73.951828	40.82436752
73.94848633	40.82383347
73.94592285	40.82452011
73.94445038	40.82397461
73.94113159	40.82403946
73.93927765	40.82419205
73.9372406	40.82411575
73.93460846	40.82416534
73.93118286	40.82387924
73.9282608	40.8237648
73.92694855	40.82408905
73.92388916	40.82486343
73.92189789	40.82543945
73.95491028	40.82704544
73.95256042	40.82648087
73.94997406	40.82694626
73.94868469	40.82563782
73.94625854	40.82703781
73.94251251	40.82707977
73.94017029	40.82710266
73.93915558	40.82673645
73.93698883	40.82574081
73.93515015	40.82690811
73.9311676	40.82597351
73.92977142	40.82651901
73.92645264	40.8268013
73.92476654	40.82595062
73.92268372	40.8269043
73.95488739	40.8277092
73.95240021	40.82852554
73.95067596	40.82747269
73.94919586	40.82813263
73.94591522	40.82753372
73.94282532	40.82884216
73.9411087	40.8290062
73.9388504	40.82730484
73.93695068	40.82901764
73.93477631	40.82857513
73.93061066	40.82898331
73.92950439	40.82863998
73.92625427	40.82741165
73.92523193	40.82754898
73.92169189	40.82838821
73.95684814	40.82985687
73.9497757	40.82996368
73.94768524	40.83037949
73.94608307	40.83034897
73.94354248	40.8306694
73.94182587	40.8297081
73.93966675	40.82948685
73.93674469	40.83011627
73.93515015	40.82935715
73.93067932	40.83063889
73.92867279	40.82925034
73.92755127	40.83052063
73.92453003	40.83033371
73.92172241	40.82912064
73.92086029	40.83001328
73.94976044	40.83232498
73.94850922	40.83136749
73.94696045	40.83119965
73.94258881	40.8320961
73.94093323	40.83230591
73.94010162	40.83205032
73.93608856	40.83090591
73.93473816	40.83246994
73.93138885	40.83116531
73.92993927	40.83159256
73.92681122	40.8310318
73.92440796	40.83224869
73.92221832	40.83205032
73.92070007	40.83094025
73.94979095	40.83275986
73.94821167	40.83415985
73.94515228	40.83396149
73.94353485	40.83431625
73.9414444	40.83343124
73.93935394	40.83308029
73.93704224	40.83390045
73.93528748	40.83265305
73.93074036	40.83382034
73.92858887	40.83427811
73.92687988	40.83404922
73.92460632	40.83408356
73.92172241	40.83297729
73.92012024	40.83409119
73.9496994	40.83444977
73.94776154	40.83541107
73.94622803	40.83510208
73.94426727	40.83508682
73.94044495	40.83545685
73.93977356	40.83493805
73.93747711	40.83546448
73.93491364	40.83581924
73.93086243	40.83536911
73.9295578	40.83442307
73.92774963	40.83572388
73.92481232	40.83525848
73.92214966	40.83607101
73.92049408	40.83493423
73.94817352	40.83711243
73.94670868	40.83652878
73.94324493	40.83651352
73.94207001	40.83771896
73.93859863	40.83763885
73.93686676	40.83720779
73.93385315	40.83781815
73.93061829	40.83703995
73.92989349	40.83688354
73.92738342	40.83654022
73.92417908	40.83757401
73.92303467	40.83707047
73.91910553	40.83760071
73.94976807	40.83940125
73.94732666	40.83789825
73.94599152	40.83850861
73.94342041	40.8392334
73.94147491	40.83906555
73.93809509	40.83963013
73.93743134	40.83825684
73.93383026	40.83804703
73.93283081	40.83943558
73.92842865	40.83935928
73.92730713	40.83868027
73.92504883	40.83842468
73.92182159	40.83877182
73.91902161	40.83830643
73.91853333	40.83903885
73.94491577	40.84082413
73.9432373	40.83992767
73.94081879	40.83985901
73.939888	40.84103775
73.93592834	40.84129715
73.93532562	40.84037018
73.93212128	40.84106445
73.92938232	40.83969116
73.92713928	40.84084702
73.92391968	40.83990097
73.921875	40.84036636
73.92069244	40.84119034
73.91838074	40.83979034
73.94493103	40.84255219
73.94290924	40.8416748
73.94216919	40.84209061
73.93921661	40.84256744
73.93685913	40.84143829
73.93484497	40.8429985
73.93154907	40.84248734
73.92819977	40.84183502
73.92588806	40.842556
73.92473602	40.84161377
73.92218018	40.84217072
73.92003632	40.84227371
73.91790771	40.84251022
73.94494629	40.84423447
73.94261932	40.84427643
73.94073486	40.84477997
73.93915558	40.843853
73.93662262	40.84403992
73.9344101	40.84334946
73.93112183	40.84457016
73.92678833	40.84331131
73.92436981	40.84410095
73.92272949	40.84429169
73.92022705	40.84341049
73.91759491	40.84412384
73.94516754	40.84659576
73.94261169	40.84610748
73.94104004	40.84562683
73.93838501	40.84640884
73.93654633	40.84552765
73.93386078	40.84667587
73.93247223	40.84605408
73.92970276	40.84547043
73.92625427	40.8450737
73.92505646	40.84651566
73.92102051	40.84669113
73.92028809	40.84621811
73.91735077	40.84641266
73.94309235	40.84791565
73.940979	40.8481102
73.93811035	40.84841537
73.93627167	40.84798813
73.93442535	40.8482666
73.93190002	40.8468895
73.92962646	40.84830856
73.92394257	40.84844208
73.92196655	40.84781647
73.92041016	40.84710312
73.91796112	40.84738159
73.94316101	40.84893799
73.94023895	40.84851456
73.93912506	40.84870529
73.93649292	40.84938812
73.93396759	40.84885025
73.93192291	40.84917831
73.93003845	40.84912872
73.92692566	40.8495903
73.92381287	40.84861755
73.92208862	40.84899139
73.91989136	40.84897232
73.9175415	40.8501091
73.91611481	40.84896851
73.94264984	40.85044861
73.94107056	40.85139084
73.93846893	40.85032272
73.93657684	40.85049057
73.9347229	40.85037994
73.93200684	40.85169983
73.92888641	40.85126877
73.9276886	40.85167694
73.9254837	40.85186386
73.92170715	40.85097504
73.91978455	40.85045624
73.9176712	40.85123062
73.9154892	40.85179138
73.9414444	40.8522377
73.93830872	40.85371399
73.93740082	40.85320282
73.93452454	40.85274506
73.93162537	40.85242081
73.92947388	40.85266495
73.92765045	40.85258484
73.92131805	40.85209656
73.92023468	40.85287857
73.91731262	40.85351944
73.91619873	40.85346222
73.94013977	40.85438538
73.93786621	40.85546112
73.9367981	40.85528183
73.9341507	40.85429764
73.93148041	40.85472488
73.92961121	40.85493469
73.92780304	40.85458374
73.92311096	40.85527802
73.91873169	40.85425186
73.91719818	40.85438156
73.91580963	40.85438156
73.93829346	40.85580063
73.93630981	40.85612106
73.9340744	40.85562897
73.93256378	40.85673141
73.92945862	40.85560989
73.92735291	40.85559082
73.92475128	40.85656357
73.92277527	40.85649872
73.91709137	40.85585403
73.9160614	40.85693359
73.93803406	40.85826111
73.93611145	40.85840988
73.93491364	40.85813522
73.93154144	40.8589592
73.92938232	40.85905457
73.92741394	40.85792923
73.92550659	40.85818863
73.92308044	40.85892105
73.91607666	40.85743332
73.93726349	40.859272
73.93422699	40.85950851
73.9312973	40.85968781
73.92945099	40.85987473
73.92721558	40.86066818
73.9240036	40.86053085
73.92259979	40.85939026
73.91983795	40.86072159
73.91423035	40.85991669
73.91345215	40.86049271
73.93566895	40.86141968
73.93424988	40.86227417
73.93073273	40.86085129
73.9291687	40.86234665
73.92684174	40.86086273
73.92507172	40.86162186
73.92147827	40.86101151
73.91995239	40.86152649
73.91853333	40.86093903
73.91407776	40.86241913
73.9129715	40.86190033
73.93330383	40.86415482
73.93244171	40.86286926
73.9287796	40.86426926
73.92674255	40.86325836
73.92485809	40.86397171
73.92193604	40.86390305
73.92041779	40.86285782
73.91770935	40.86291885
73.91594696	40.86316299
73.93312073	40.8656311
73.93099976	40.86545944
73.92874146	40.86447525
73.92707825	40.8656311
73.92445374	40.86547852
73.92210388	40.86506271
73.91993713	40.8646431
73.91841125	40.86534882
73.93075562	40.86680222
73.93002319	40.86676025
73.92694092	40.86698914
73.92463684	40.86737061
73.92201996	40.86722183
73.92018127	40.86615372
73.91690826	40.86777115
73.93144989	40.86871719
73.93052673	40.86830521
73.92605591	40.86843109
73.92441559	40.86841965
73.92194366	40.86888885
73.91993713	40.86839676
73.91764069	40.8687973
73.9158783	40.8690033
73.91294098	40.86857605
73.93071747	40.8705101
73.92105103	40.86977005
73.91875458	40.87142563
73.91770172	40.87105942
73.91496277	40.87057495
73.91378021	40.87120819
73.91908264	40.87194824
73.91770935	40.87217331
73.91539001	40.87171555
73.91296387	40.87295532
73.91145325	40.87257004
73.92062378	40.87485886
73.91761017	40.87376022
73.92505646	40.8758316
74.01416779	40.70126724
74.01236725	40.70158005
74.01129913	40.70167923
74.00933075	40.70167923
74.00575256	40.70170975
73.92372131	40.87675858
